0.0676656
0.0972566
0.106271
0.0971608
0.093164
0.115574
0.119789
0.117636
0.107569
0.100428
0.131346
0.125719
0.111469
0.0977477
0.08975
0.116198
0.118985
0.104316
0.0920189
0.0742164
0.103327
0.113512
0.095699
0.0675195
0.0643133
0.0696205
0.0602831
0.0527936
0.0437948
0.047393
0.0550096
0.0368062
0.0352308
0.0229649
0.0305178
0.143333
0.15914
0.193627
0.232356
0.106592
0.104583
0.130704
0.15868
0.0905968
0.0892228
0.0939474
0.113836
0.0814563
0.0719002
0.078351
0.0906796
0.0684168
0.0625908
0.0636741
0.0811537
0.0431504
0.0396205
0.0560529
0.0556425
0.0575389
0.0564857
0.0662057
0.090653
