0.0760254
0.0957253
0.103031
0.0949305
0.0872859
0.115376
0.12546
0.115597
0.104562
0.0841295
0.137663
0.130426
0.110575
0.0949829
0.0819304
0.129793
0.123721
0.0995762
0.0845799
0.0745835
0.107304
0.106586
0.0952171
0.0626123
0.0524239
0.0697599
0.0656073
0.0600795
0.0389105
0.042464
0.0461029
0.0403379
0.0242219
0.0236381
0.0249976
0.133247
0.146069
0.169515
0.223263
0.100127
0.102084
0.109756
0.13881
0.0942283
0.0807114
0.0892375
0.0973776
0.0813713
0.0775024
0.0786066
0.0826875
0.0661977
0.0640338
0.0592314
0.0606186
0.0384015
0.0391441
0.0430385
0.0438902
0.0532527
0.0500177
0.0513977
0.0680881
