4.12706
2.24875
0.485693
11.7184
12.4755
4.14286
2.45996
1.90569
1.84864
113.295
4.2047
3.15413
1.24882
0.406629
3.20046
4.39732
3.1109
1.63082
0.230197
1.21529
4.82575
3.62533
2.23292
0.910769
0.754823
5.49782
3.93188
3.13928
1.87249
0.465389
6.30305
5.07811
3.89184
2.67586
1.06003
13.2167
2.94306
0.168799
2.25048
3.75705
0.27782
0.786342
2.56759
1.6488
0.058596
1.66876
2.81626
0.926138
0.471451
1.92438
2.99354
0.427859
1.04443
2.48016
3.51103
1.57374
3.2088
2.7496
4.24884
0.844677
2.3841
3.72133
5.01111
