1.18955
1.80282
9.36413
35.8092
8.41362
2.25438
0.387006
2.08034
9.1796
8.21804
2.93635
1.40476
0.154328
1.80773
4.86113
3.55685
2.16509
0.824356
0.468817
2.30551
4.258
2.96727
1.73696
0.526906
1.11246
5.08095
3.88545
2.75491
1.63986
0.253385
6.02103
4.91702
3.87972
2.86293
1.67137
6.31177
2.37168
0.11328
1.82147
2.79071
0.89846
0.776895
2.37141
1.46486
0.044104
1.40514
2.86732
0.777643
0.622712
2.00004
3.39243
0.119725
1.31267
2.65764
3.99824
0.673242
2.0934
3.4026
4.69419
1.59526
2.981
4.25246
5.49598
