0.0792099
0.0882869
0.0907178
0.086885
0.0771643
0.0906823
0.100736
0.0967113
0.0849598
0.0714251
0.0973718
0.0990886
0.092509
0.0817469
0.07077
0.0992927
0.0900567
0.0848197
0.0680515
0.0571286
0.0847546
0.0878945
0.0697934
0.0556209
0.0452004
0.0656219
0.05974
0.0503047
0.0339264
0.0330288
0.0398717
0.0353289
0.0248333
0.0180647
0.0243812
0.155368
0.170818
0.202611
0.226677
0.122377
0.120168
0.150301
0.173803
0.102057
0.101239
0.127196
0.151869
0.084972
0.0938495
0.110993
0.115835
0.0658029
0.0737932
0.0915543
0.105962
0.0538915
0.0557801
0.0793952
0.0816297
0.05357
0.0510746
0.0747725
0.0745327
