0.176891
0.13583
0.112958
0.088365
0.0755473
0.161447
0.125805
0.0970108
0.079073
0.0756394
0.141843
0.111258
0.0912525
0.0709991
0.0690997
0.133226
0.105863
0.0781376
0.0619816
0.0529994
0.125097
0.100887
0.0729424
0.0531264
0.0459576
0.108782
0.0795109
0.0596926
0.0365594
0.0405309
0.117707
0.0810825
0.0503637
0.0363247
0.0370225
0.155754
0.148241
0.150279
0.150159
0.133596
0.125962
0.132409
0.141248
0.109959
0.113909
0.125985
0.129953
0.0995834
0.104101
0.107139
0.119452
0.078967
0.0784876
0.102192
0.0928634
0.0436763
0.0442155
0.0537446
0.0555899
0.0186721
0.0231869
0.034588
0.035798
